layer: 1 ,  σₐ: 2.13093, σᵦ: 0.14817, ℍᶩᐨᑊ: 0.100, ℍᶩ: 0.746
layer: 2 ,  σₐ: 0.14817, σᵦ: 0.36561, ℍᶩᐨᑊ: 0.746, ℍᶩ: 0.918
layer: 3 ,  σₐ: 0.36561, σᵦ: 0.40470, ℍᶩᐨᑊ: 0.918, ℍᶩ: 0.962
run:10, σ: 0.15, L: 3, TrainAcc: 1.00, TestAcc: 1.00, Time: 1.09, Ҥ1: 0.96, Ҥ2:0.95, mse : 0.02, ce : 0.03, csr : 0.03, T : 0.06
