layer: 1 ,  σₐ: 2.13051, σᵦ: 0.15619, ℍᶩᐨᑊ: 0.100, ℍᶩ: 0.746
layer: 2 ,  σₐ: 0.15619, σᵦ: 0.35938, ℍᶩᐨᑊ: 0.746, ℍᶩ: 0.917
layer: 3 ,  σₐ: 0.35938, σᵦ: 0.40543, ℍᶩᐨᑊ: 0.917, ℍᶩ: 0.962
run:10, σ: 0.16, L: 3, TrainAcc: 1.00, TestAcc: 1.00, Time: 1.01, Ҥ1: 0.96, Ҥ2:0.95, mse : 0.02, ce : 0.03, csr : 0.03, T : 0.06
