layer: 1 ,  σₐ: 2.01815, σᵦ: 0.46401, ℍᶩᐨᑊ: 0.100, ℍᶩ: 0.487
layer: 2 ,  σₐ: 0.46401, σᵦ: 0.42577, ℍᶩᐨᑊ: 0.487, ℍᶩ: 0.535
layer: 3 ,  σₐ: 0.42577, σᵦ: 0.50510, ℍᶩᐨᑊ: 0.535, ℍᶩ: 0.547
layer: 4 ,  σₐ: 0.44721, σᵦ: 0.49092, ℍᶩᐨᑊ: 0.547, ℍᶩ: 0.573
layer: 5 ,  σₐ: 0.49092, σᵦ: 0.47992, ℍᶩᐨᑊ: 0.573, ℍᶩ: 0.577
layer: 6 ,  σₐ: 0.42606, σᵦ: 0.45564, ℍᶩᐨᑊ: 0.577, ℍᶩ: 0.579
run:7, σ: 0.43, L: 6, TrainAcc: 0.84, TestAcc: 0.79, Time: 141.49, Ҥ1: 0.58, Ҥ2:0.56, mse : 0.13, ce : 0.75, csr : 0.14, T : 0.04
