layer: 1 ,  σₐ: 0.10000, σᵦ: 0.07590, ℍᶩᐨᑊ: 0.100, ℍᶩ: 0.998
run:5, σ: 0.10, L: 1, TrainAcc: 1.00, TestAcc: 0.50, Time: 0.03, Ҥ1: 1.00, Ҥ2:0.07, mse : 0.00, ce : 0.40, csr : 0.00, T : 0.01
