layer: 1 ,  σₐ: 2.50091, σᵦ: 0.32786, ℍᶩᐨᑊ: 0.100, ℍᶩ: 0.763
run:3, σ: 2.50, L: 1, TrainAcc: 0.98, TestAcc: 0.98, Time: 2.04, Ҥ1: 0.76, Ҥ2:0.81, mse : 0.03, ce : 0.09, csr : 0.10, T : 0.22
