layer: 1 ,  σₐ: 2.37863, σᵦ: 0.33680, ℍᶩᐨᑊ: 0.100, ℍᶩ: 0.768
run:3, σ: 2.38, L: 1, TrainAcc: 0.98, TestAcc: 0.98, Time: 1.86, Ҥ1: 0.77, Ҥ2:0.82, mse : 0.03, ce : 0.09, csr : 0.11, T : 0.22
