layer: 1 ,  σₐ: 2.45712, σᵦ: 0.33778, ℍᶩᐨᑊ: 0.100, ℍᶩ: 0.751
run:10, σ: 2.46, L: 1, TrainAcc: 0.98, TestAcc: 0.98, Time: 1.83, Ҥ1: 0.75, Ҥ2:0.90, mse : 0.03, ce : 0.10, csr : 0.12, T : 0.24
