layer: 1 ,  σₐ: 2.16405, σᵦ: 0.13930, ℍᶩᐨᑊ: 0.100, ℍᶩ: 0.741
layer: 2 ,  σₐ: 0.13930, σᵦ: 0.36327, ℍᶩᐨᑊ: 0.741, ℍᶩ: 0.918
layer: 3 ,  σₐ: 0.36327, σᵦ: 0.40302, ℍᶩᐨᑊ: 0.918, ℍᶩ: 0.962
run:3, σ: 0.14, L: 3, TrainAcc: 1.00, TestAcc: 1.00, Time: 1.06, Ҥ1: 0.96, Ҥ2:0.96, mse : 0.02, ce : 0.03, csr : 0.03, T : 0.06
