layer: 1 ,  σₐ: 2.15955, σᵦ: 0.14711, ℍᶩᐨᑊ: 0.100, ℍᶩ: 0.741
layer: 2 ,  σₐ: 0.14711, σᵦ: 0.36963, ℍᶩᐨᑊ: 0.741, ℍᶩ: 0.918
layer: 3 ,  σₐ: 0.36963, σᵦ: 0.40333, ℍᶩᐨᑊ: 0.918, ℍᶩ: 0.964
run:3, σ: 0.15, L: 3, TrainAcc: 1.00, TestAcc: 1.00, Time: 1.11, Ҥ1: 0.96, Ҥ2:0.96, mse : 0.02, ce : 0.03, csr : 0.03, T : 0.06
