layer: 1 ,  σₐ: 2.11071, σᵦ: 0.14721, ℍᶩᐨᑊ: 0.100, ℍᶩ: 0.746
layer: 2 ,  σₐ: 0.14721, σᵦ: 0.37417, ℍᶩᐨᑊ: 0.746, ℍᶩ: 0.918
layer: 3 ,  σₐ: 0.37417, σᵦ: 0.40414, ℍᶩᐨᑊ: 0.918, ℍᶩ: 0.963
run:8, σ: 0.15, L: 3, TrainAcc: 1.00, TestAcc: 1.00, Time: 1.01, Ҥ1: 0.96, Ҥ2:0.96, mse : 0.02, ce : 0.03, csr : 0.04, T : 0.06
