layer: 1 ,  σₐ: 2.07344, σᵦ: 0.45239, ℍᶩᐨᑊ: 0.100, ℍᶩ: 0.488
layer: 2 ,  σₐ: 0.45239, σᵦ: 0.43791, ℍᶩᐨᑊ: 0.488, ℍᶩ: 0.532
layer: 3 ,  σₐ: 0.43791, σᵦ: 0.47735, ℍᶩᐨᑊ: 0.532, ℍᶩ: 0.551
layer: 4 ,  σₐ: 0.47735, σᵦ: 0.50848, ℍᶩᐨᑊ: 0.551, ℍᶩ: 0.556
layer: 5 ,  σₐ: 0.50848, σᵦ: 0.48995, ℍᶩᐨᑊ: 0.556, ℍᶩ: 0.561
layer: 6 ,  σₐ: 0.43449, σᵦ: 0.46902, ℍᶩᐨᑊ: 0.561, ℍᶩ: 0.568
run:10, σ: 0.43, L: 6, TrainAcc: 0.84, TestAcc: 0.76, Time: 134.79, Ҥ1: 0.57, Ҥ2:0.50, mse : 0.14, ce : 0.76, csr : 0.15, T : 0.04
