layer: 1 ,  σₐ: 0.95683, σᵦ: 0.36487, ℍᶩᐨᑊ: 0.100, ℍᶩ: 0.763
run:7, σ: 0.96, L: 1, TrainAcc: 1.00, TestAcc: 1.00, Time: 4.16, Ҥ1: 0.76, Ҥ2:0.76, mse : 0.07, ce : 0.12, csr : 0.21, T : 0.22
