layer: 1 ,  σₐ: 1.00896, σᵦ: 0.36143, ℍᶩᐨᑊ: 0.100, ℍᶩ: 0.746
run:7, σ: 1.01, L: 1, TrainAcc: 1.00, TestAcc: 1.00, Time: 3.80, Ҥ1: 0.75, Ҥ2:0.74, mse : 0.07, ce : 0.13, csr : 0.22, T : 0.23
