layer: 1 ,  σₐ: 2.31515, σᵦ: 0.33767, ℍᶩᐨᑊ: 0.100, ℍᶩ: 0.795
run:2, σ: 2.32, L: 1, TrainAcc: 0.99, TestAcc: 0.95, Time: 1.94, Ҥ1: 0.79, Ҥ2:0.60, mse : 0.03, ce : 0.08, csr : 0.10, T : 0.21
