layer: 1 ,  σₐ: 0.94088, σᵦ: 0.36663, ℍᶩᐨᑊ: 0.100, ℍᶩ: 0.773
run:6, σ: 0.94, L: 1, TrainAcc: 1.00, TestAcc: 1.00, Time: 4.07, Ҥ1: 0.77, Ҥ2:0.74, mse : 0.07, ce : 0.11, csr : 0.21, T : 0.21
