layer: 1 ,  σₐ: 0.92362, σᵦ: 0.35358, ℍᶩᐨᑊ: 0.100, ℍᶩ: 0.777
run:6, σ: 0.92, L: 1, TrainAcc: 1.00, TestAcc: 1.00, Time: 3.67, Ҥ1: 0.78, Ҥ2:0.74, mse : 0.06, ce : 0.11, csr : 0.19, T : 0.21
