layer: 1 ,  σₐ: 0.10000, σᵦ: 0.08381, ℍᶩᐨᑊ: 0.100, ℍᶩ: 0.590
layer: 2 ,  σₐ: 0.08381, σᵦ: 0.36433, ℍᶩᐨᑊ: 0.590, ℍᶩ: 0.712
layer: 3 ,  σₐ: 0.36433, σᵦ: 0.36032, ℍᶩᐨᑊ: 0.712, ℍᶩ: 0.769
layer: 4 ,  σₐ: 0.36032, σᵦ: 0.36982, ℍᶩᐨᑊ: 0.769, ℍᶩ: 0.778
layer: 5 ,  σₐ: 0.36982, σᵦ: 0.37426, ℍᶩᐨᑊ: 0.778, ℍᶩ: 0.779
layer: 6 ,  σₐ: 0.37426, σᵦ: 0.37742, ℍᶩᐨᑊ: 0.779, ℍᶩ: 0.780
run:3, σ: 0.08, L: 6, TrainAcc: 0.92, TestAcc: 0.38, Time: 0.30, Ҥ1: 0.78, Ҥ2:0.11, mse : 0.06, ce : 0.21, csr : 0.12, T : 0.17
