layer: 1 ,  σₐ: 0.10000, σᵦ: 0.07433, ℍᶩᐨᑊ: 0.100, ℍᶩ: 0.619
layer: 2 ,  σₐ: 0.07433, σᵦ: 0.36932, ℍᶩᐨᑊ: 0.619, ℍᶩ: 0.750
layer: 3 ,  σₐ: 0.36932, σᵦ: 0.34788, ℍᶩᐨᑊ: 0.750, ℍᶩ: 0.798
layer: 4 ,  σₐ: 0.00136, σᵦ: 0.08938, ℍᶩᐨᑊ: 0.798, ℍᶩ: 0.845
layer: 5 ,  σₐ: 0.08938, σᵦ: 0.42913, ℍᶩᐨᑊ: 0.845, ℍᶩ: 0.911
layer: 6 ,  σₐ: 0.42913, σᵦ: 0.42056, ℍᶩᐨᑊ: 0.911, ℍᶩ: 0.949
layer: 7 ,  σₐ: 0.42056, σᵦ: 0.41867, ℍᶩᐨᑊ: 0.949, ℍᶩ: 0.970
run:8, σ: 0.00, L: 7, TrainAcc: 1.00, TestAcc: 0.50, Time: 0.33, Ҥ1: 0.97, Ҥ2:nan, mse : 0.02, ce : 0.06, csr : 0.03, T : 0.07
