layer: 1 ,  σₐ: 1.00097, σᵦ: 0.36556, ℍᶩᐨᑊ: 0.100, ℍᶩ: 0.744
run:1, σ: 1.00, L: 1, TrainAcc: 1.00, TestAcc: 1.00, Time: 4.31, Ҥ1: 0.74, Ҥ2:0.78, mse : 0.07, ce : 0.13, csr : 0.23, T : 0.23
