layer: 1 ,  σₐ: 0.96806, σᵦ: 0.36897, ℍᶩᐨᑊ: 0.100, ℍᶩ: 0.757
run:1, σ: 0.97, L: 1, TrainAcc: 1.00, TestAcc: 1.00, Time: 4.20, Ҥ1: 0.76, Ҥ2:0.79, mse : 0.07, ce : 0.13, csr : 0.22, T : 0.22
