layer: 1 ,  σₐ: 22.28288, σᵦ: 0.37550, ℍᶩᐨᑊ: 0.100, ℍᶩ: 0.808
layer: 2 ,  σₐ: 0.37550, σᵦ: 0.52527, ℍᶩᐨᑊ: 0.808, ℍᶩ: 0.858
run:10, σ: 0.38, L: 2, TrainAcc: 0.98, TestAcc: 0.97, Time: 3.27, Ҥ1: 0.86, Ҥ2:0.88, mse : 0.10, ce : 0.36, csr : 0.07, T : 0.01
