layer: 1 ,  σₐ: 20.98095, σᵦ: 0.37952, ℍᶩᐨᑊ: 0.100, ℍᶩ: 0.822
layer: 2 ,  σₐ: 0.37952, σᵦ: 0.53173, ℍᶩᐨᑊ: 0.822, ℍᶩ: 0.862
run:10, σ: 0.38, L: 2, TrainAcc: 0.98, TestAcc: 0.97, Time: 3.18, Ҥ1: 0.86, Ҥ2:0.88, mse : 0.14, ce : 0.35, csr : 0.07, T : 0.01
