layer: 1 ,  σₐ: 0.86496, σᵦ: 0.36411, ℍᶩᐨᑊ: 0.100, ℍᶩ: 0.808
run:2, σ: 0.86, L: 1, TrainAcc: 1.00, TestAcc: 1.00, Time: 3.99, Ҥ1: 0.81, Ҥ2:0.74, mse : 0.06, ce : 0.10, csr : 0.19, T : 0.20
