layer: 1 ,  σₐ: 0.99759, σᵦ: 0.36301, ℍᶩᐨᑊ: 0.100, ℍᶩ: 0.757
run:2, σ: 1.00, L: 1, TrainAcc: 1.00, TestAcc: 1.00, Time: 3.67, Ҥ1: 0.76, Ҥ2:0.68, mse : 0.07, ce : 0.13, csr : 0.21, T : 0.22
