layer: 1 ,  σₐ: 0.10000, σᵦ: 0.07648, ℍᶩᐨᑊ: 0.100, ℍᶩ: 0.511
layer: 2 ,  σₐ: 0.07648, σᵦ: 0.33898, ℍᶩᐨᑊ: 0.511, ℍᶩ: 0.618
layer: 3 ,  σₐ: 0.33898, σᵦ: 0.31753, ℍᶩᐨᑊ: 0.618, ℍᶩ: 0.833
layer: 4 ,  σₐ: 0.31753, σᵦ: 0.36821, ℍᶩᐨᑊ: 0.833, ℍᶩ: 0.852
layer: 5 ,  σₐ: 0.36821, σᵦ: 0.38118, ℍᶩᐨᑊ: 0.852, ℍᶩ: 0.853
run:5, σ: 0.08, L: 5, TrainAcc: 0.96, TestAcc: 0.38, Time: 0.30, Ҥ1: 0.85, Ҥ2:0.18, mse : 0.04, ce : 0.14, csr : 0.08, T : 0.13
