layer: 1 ,  σₐ: 0.10000, σᵦ: 0.08195, ℍᶩᐨᑊ: 0.100, ℍᶩ: 0.428
layer: 2 ,  σₐ: 0.08195, σᵦ: 0.34510, ℍᶩᐨᑊ: 0.428, ℍᶩ: 0.524
layer: 3 ,  σₐ: 0.34510, σᵦ: 0.31126, ℍᶩᐨᑊ: 0.524, ℍᶩ: 0.650
layer: 4 ,  σₐ: 0.31126, σᵦ: 0.35896, ℍᶩᐨᑊ: 0.650, ℍᶩ: 0.687
layer: 5 ,  σₐ: 0.35896, σᵦ: 0.36077, ℍᶩᐨᑊ: 0.687, ℍᶩ: 0.701
layer: 6 ,  σₐ: 0.36077, σᵦ: 0.36309, ℍᶩᐨᑊ: 0.701, ℍᶩ: 0.705
run:5, σ: 0.08, L: 6, TrainAcc: 0.89, TestAcc: 0.38, Time: 0.28, Ҥ1: 0.70, Ҥ2:0.39, mse : 0.06, ce : 0.25, csr : 0.19, T : 0.24
