layer: 1 ,  σₐ: 2.10564, σᵦ: 0.14828, ℍᶩᐨᑊ: 0.100, ℍᶩ: 0.743
layer: 2 ,  σₐ: 0.14828, σᵦ: 0.37234, ℍᶩᐨᑊ: 0.743, ℍᶩ: 0.917
layer: 3 ,  σₐ: 0.37234, σᵦ: 0.39855, ℍᶩᐨᑊ: 0.917, ℍᶩ: 0.961
run:4, σ: 0.15, L: 3, TrainAcc: 1.00, TestAcc: 1.00, Time: 1.05, Ҥ1: 0.96, Ҥ2:0.96, mse : 0.02, ce : 0.03, csr : 0.03, T : 0.06
