layer: 1 ,  σₐ: 2.16932, σᵦ: 0.14434, ℍᶩᐨᑊ: 0.100, ℍᶩ: 0.742
layer: 2 ,  σₐ: 0.14434, σᵦ: 0.36179, ℍᶩᐨᑊ: 0.742, ℍᶩ: 0.914
layer: 3 ,  σₐ: 0.36179, σᵦ: 0.40263, ℍᶩᐨᑊ: 0.914, ℍᶩ: 0.959
run:4, σ: 0.14, L: 3, TrainAcc: 1.00, TestAcc: 1.00, Time: 0.99, Ҥ1: 0.96, Ҥ2:0.96, mse : 0.02, ce : 0.03, csr : 0.03, T : 0.06
