layer: 1 ,  σₐ: 3.03453, σᵦ: 0.29316, ℍᶩᐨᑊ: 0.100, ℍᶩ: 0.796
layer: 2 ,  σₐ: 0.29316, σᵦ: 0.46436, ℍᶩᐨᑊ: 0.796, ℍᶩ: 0.847
run:8, σ: 0.29, L: 2, TrainAcc: 0.99, TestAcc: 0.94, Time: 1.44, Ҥ1: 0.85, Ҥ2:0.88, mse : 0.06, ce : 0.14, csr : 0.12, T : 0.17
