layer: 1 ,  σₐ: 3.01892, σᵦ: 0.29747, ℍᶩᐨᑊ: 0.100, ℍᶩ: 0.805
layer: 2 ,  σₐ: 0.27082, σᵦ: 0.48858, ℍᶩᐨᑊ: 0.805, ℍᶩ: 0.814
run:6, σ: 0.27, L: 2, TrainAcc: 0.98, TestAcc: 1.00, Time: 1.27, Ҥ1: 0.81, Ҥ2:0.80, mse : 0.15, ce : 0.13, csr : 0.12, T : 0.20
