layer: 1 ,  σₐ: 3.01636, σᵦ: 0.29720, ℍᶩᐨᑊ: 0.100, ℍᶩ: 0.802
layer: 2 ,  σₐ: 0.27059, σᵦ: 0.48793, ℍᶩᐨᑊ: 0.802, ℍᶩ: 0.811
run:6, σ: 0.27, L: 2, TrainAcc: 0.97, TestAcc: 1.00, Time: 1.50, Ҥ1: 0.81, Ҥ2:0.80, mse : 0.15, ce : 0.14, csr : 0.12, T : 0.20
