layer: 1 ,  σₐ: 2.13693, σᵦ: 0.14960, ℍᶩᐨᑊ: 0.100, ℍᶩ: 0.741
layer: 2 ,  σₐ: 0.14960, σᵦ: 0.36393, ℍᶩᐨᑊ: 0.741, ℍᶩ: 0.918
layer: 3 ,  σₐ: 0.36393, σᵦ: 0.40861, ℍᶩᐨᑊ: 0.918, ℍᶩ: 0.963
run:2, σ: 0.15, L: 3, TrainAcc: 1.00, TestAcc: 1.00, Time: 1.14, Ҥ1: 0.96, Ҥ2:0.95, mse : 0.02, ce : 0.03, csr : 0.04, T : 0.06
