layer: 1 ,  σₐ: 2.08739, σᵦ: 0.14678, ℍᶩᐨᑊ: 0.100, ℍᶩ: 0.742
layer: 2 ,  σₐ: 0.14678, σᵦ: 0.37053, ℍᶩᐨᑊ: 0.742, ℍᶩ: 0.919
layer: 3 ,  σₐ: 0.37053, σᵦ: 0.40440, ℍᶩᐨᑊ: 0.919, ℍᶩ: 0.963
run:2, σ: 0.15, L: 3, TrainAcc: 1.00, TestAcc: 1.00, Time: 1.12, Ҥ1: 0.96, Ҥ2:0.95, mse : 0.02, ce : 0.03, csr : 0.03, T : 0.06
