layer: 1 ,  σₐ: 2.41826, σᵦ: 0.32207, ℍᶩᐨᑊ: 0.100, ℍᶩ: 0.770
run:9, σ: 2.42, L: 1, TrainAcc: 0.98, TestAcc: 1.00, Time: 1.85, Ҥ1: 0.77, Ҥ2:0.73, mse : 0.03, ce : 0.10, csr : 0.10, T : 0.23
