layer: 1 ,  σₐ: 2.34449, σᵦ: 0.33947, ℍᶩᐨᑊ: 0.100, ℍᶩ: 0.770
run:4, σ: 2.34, L: 1, TrainAcc: 0.98, TestAcc: 1.00, Time: 1.96, Ҥ1: 0.77, Ҥ2:0.80, mse : 0.03, ce : 0.10, csr : 0.11, T : 0.23
