layer: 1 ,  σₐ: 21.80149, σᵦ: 0.39768, ℍᶩᐨᑊ: 0.100, ℍᶩ: 0.794
layer: 2 ,  σₐ: 0.39768, σᵦ: 0.57157, ℍᶩᐨᑊ: 0.794, ℍᶩ: 0.821
layer: 3 ,  σₐ: 0.26481, σᵦ: 0.44588, ℍᶩᐨᑊ: 0.821, ℍᶩ: 0.822
layer: 4 ,  σₐ: 0.39738, σᵦ: 0.53621, ℍᶩᐨᑊ: 0.822, ℍᶩ: 0.827
run:5, σ: 0.26, L: 4, TrainAcc: 0.99, TestAcc: 0.81, Time: 4.08, Ҥ1: 0.83, Ҥ2:0.78, mse : 0.97, ce : 0.20, csr : 0.03, T : 0.02
