layer: 1 ,  σₐ: 20.60483, σᵦ: 0.39414, ℍᶩᐨᑊ: 0.100, ℍᶩ: 0.812
layer: 2 ,  σₐ: 0.39414, σᵦ: 0.58134, ℍᶩᐨᑊ: 0.812, ℍᶩ: 0.831
run:5, σ: 0.39, L: 2, TrainAcc: 0.98, TestAcc: 0.94, Time: 3.33, Ҥ1: 0.83, Ҥ2:0.82, mse : 0.14, ce : 0.35, csr : 0.09, T : 0.01
