layer: 1 ,  σₐ: 21.26186, σᵦ: 0.37728, ℍᶩᐨᑊ: 0.100, ℍᶩ: 0.825
layer: 2 ,  σₐ: 0.37728, σᵦ: 0.55545, ℍᶩᐨᑊ: 0.825, ℍᶩ: 0.856
run:3, σ: 0.38, L: 2, TrainAcc: 0.98, TestAcc: 0.97, Time: 3.32, Ҥ1: 0.86, Ҥ2:0.82, mse : 0.13, ce : 0.34, csr : 0.07, T : 0.01
