layer: 1 ,  σₐ: 22.28762, σᵦ: 0.38338, ℍᶩᐨᑊ: 0.100, ℍᶩ: 0.806
layer: 2 ,  σₐ: 0.38338, σᵦ: 0.54183, ℍᶩᐨᑊ: 0.806, ℍᶩ: 0.847
run:3, σ: 0.38, L: 2, TrainAcc: 0.97, TestAcc: 0.97, Time: 3.29, Ҥ1: 0.85, Ҥ2:0.82, mse : 0.14, ce : 0.35, csr : 0.07, T : 0.01
