layer: 1 ,  σₐ: 2.13972, σᵦ: 0.15172, ℍᶩᐨᑊ: 0.100, ℍᶩ: 0.742
layer: 2 ,  σₐ: 0.15172, σᵦ: 0.35651, ℍᶩᐨᑊ: 0.742, ℍᶩ: 0.915
layer: 3 ,  σₐ: 0.35651, σᵦ: 0.40631, ℍᶩᐨᑊ: 0.915, ℍᶩ: 0.961
run:1, σ: 0.15, L: 3, TrainAcc: 1.00, TestAcc: 1.00, Time: 1.11, Ҥ1: 0.96, Ҥ2:0.95, mse : 0.02, ce : 0.03, csr : 0.03, T : 0.06
