layer: 1 ,  σₐ: 2.15721, σᵦ: 0.13736, ℍᶩᐨᑊ: 0.100, ℍᶩ: 0.741
layer: 2 ,  σₐ: 0.13736, σᵦ: 0.36856, ℍᶩᐨᑊ: 0.741, ℍᶩ: 0.918
layer: 3 ,  σₐ: 0.36856, σᵦ: 0.40100, ℍᶩᐨᑊ: 0.918, ℍᶩ: 0.962
run:1, σ: 0.14, L: 3, TrainAcc: 1.00, TestAcc: 1.00, Time: 1.17, Ҥ1: 0.96, Ҥ2:0.95, mse : 0.02, ce : 0.03, csr : 0.03, T : 0.06
