layer: 1 ,  σₐ: 1.00350, σᵦ: 0.36441, ℍᶩᐨᑊ: 0.100, ℍᶩ: 0.748
run:8, σ: 1.00, L: 1, TrainAcc: 1.00, TestAcc: 1.00, Time: 3.96, Ҥ1: 0.75, Ҥ2:0.71, mse : 0.07, ce : 0.13, csr : 0.22, T : 0.23
