layer: 1 ,  σₐ: 0.88107, σᵦ: 0.36053, ℍᶩᐨᑊ: 0.100, ℍᶩ: 0.794
run:8, σ: 0.88, L: 1, TrainAcc: 1.00, TestAcc: 1.00, Time: 3.79, Ҥ1: 0.79, Ҥ2:0.75, mse : 0.06, ce : 0.10, csr : 0.19, T : 0.21
