layer: 1 ,  σₐ: 2.41912, σᵦ: 0.33915, ℍᶩᐨᑊ: 0.100, ℍᶩ: 0.786
run:6, σ: 2.42, L: 1, TrainAcc: 0.98, TestAcc: 0.97, Time: 2.25, Ҥ1: 0.79, Ҥ2:0.63, mse : 0.03, ce : 0.09, csr : 0.11, T : 0.22
