layer: 1 ,  σₐ: 2.38412, σᵦ: 0.33224, ℍᶩᐨᑊ: 0.100, ℍᶩ: 0.785
run:6, σ: 2.38, L: 1, TrainAcc: 0.98, TestAcc: 0.97, Time: 2.00, Ҥ1: 0.78, Ҥ2:0.63, mse : 0.03, ce : 0.09, csr : 0.10, T : 0.22
