layer: 1 ,  σₐ: 20.45177, σᵦ: 0.38265, ℍᶩᐨᑊ: 0.100, ℍᶩ: 0.827
layer: 2 ,  σₐ: 0.38265, σᵦ: 0.53672, ℍᶩᐨᑊ: 0.827, ℍᶩ: 0.860
run:7, σ: 0.38, L: 2, TrainAcc: 0.98, TestAcc: 0.95, Time: 2.91, Ҥ1: 0.86, Ҥ2:0.89, mse : 0.15, ce : 0.34, csr : 0.06, T : 0.01
