layer: 1 ,  σₐ: 21.35233, σᵦ: 0.38664, ℍᶩᐨᑊ: 0.100, ℍᶩ: 0.814
layer: 2 ,  σₐ: 0.38664, σᵦ: 0.56878, ℍᶩᐨᑊ: 0.814, ℍᶩ: 0.837
run:7, σ: 0.39, L: 2, TrainAcc: 0.98, TestAcc: 0.95, Time: 3.47, Ҥ1: 0.84, Ҥ2:0.87, mse : 0.15, ce : 0.35, csr : 0.08, T : 0.01
