layer: 1 ,  σₐ: 3.02661, σᵦ: 0.29522, ℍᶩᐨᑊ: 0.100, ℍᶩ: 0.803
layer: 2 ,  σₐ: 0.29522, σᵦ: 0.42800, ℍᶩᐨᑊ: 0.803, ℍᶩ: 0.866
run:9, σ: 0.30, L: 2, TrainAcc: 0.99, TestAcc: 0.94, Time: 1.43, Ҥ1: 0.87, Ҥ2:0.81, mse : 0.06, ce : 0.13, csr : 0.09, T : 0.16
