layer: 1 ,  σₐ: 3.02579, σᵦ: 0.29562, ℍᶩᐨᑊ: 0.100, ℍᶩ: 0.805
layer: 2 ,  σₐ: 0.29562, σᵦ: 0.43044, ℍᶩᐨᑊ: 0.805, ℍᶩ: 0.867
run:9, σ: 0.30, L: 2, TrainAcc: 0.98, TestAcc: 0.94, Time: 1.10, Ҥ1: 0.87, Ҥ2:0.81, mse : 0.06, ce : 0.13, csr : 0.10, T : 0.16
