layer: 1 ,  σₐ: 6.32198, σᵦ: 0.33616, ℍᶩᐨᑊ: 0.100, ℍᶩ: 0.903
layer: 2 ,  σₐ: 0.33616, σᵦ: 0.83010, ℍᶩᐨᑊ: 0.903, ℍᶩ: 0.913
layer: 3 ,  σₐ: 0.83010, σᵦ: 19.58935, ℍᶩᐨᑊ: 0.913, ℍᶩ: 0.927
layer: 4 ,  σₐ: 11.40095, σᵦ: 25.62173, ℍᶩᐨᑊ: 0.927, ℍᶩ: 0.927
layer: 5 ,  σₐ: 22.22539, σᵦ: 3.92428, ℍᶩᐨᑊ: 0.927, ℍᶩ: 0.952
run:3, σ: 0.34, L: 5, TrainAcc: 1.00, TestAcc: 0.88, Time: 0.44, Ҥ1: 0.95, Ҥ2:0.63, mse : 139.20, ce : 0.00, csr : 0.00, T : 0.05
