layer: 1 ,  σₐ: 3.01990, σᵦ: 0.29737, ℍᶩᐨᑊ: 0.100, ℍᶩ: 0.796
layer: 2 ,  σₐ: 0.29737, σᵦ: 0.48927, ℍᶩᐨᑊ: 0.796, ℍᶩ: 0.799
run:1, σ: 0.30, L: 2, TrainAcc: 0.97, TestAcc: 0.94, Time: 1.17, Ҥ1: 0.80, Ҥ2:0.70, mse : 0.15, ce : 0.15, csr : 0.14, T : 0.20
