layer: 1 ,  σₐ: 3.01877, σᵦ: 0.29710, ℍᶩᐨᑊ: 0.100, ℍᶩ: 0.796
layer: 2 ,  σₐ: 0.27050, σᵦ: 0.49034, ℍᶩᐨᑊ: 0.796, ℍᶩ: 0.806
run:1, σ: 0.27, L: 2, TrainAcc: 0.97, TestAcc: 0.94, Time: 1.28, Ҥ1: 0.81, Ҥ2:0.71, mse : 0.15, ce : 0.15, csr : 0.12, T : 0.20
