layer: 1 ,  σₐ: 2.98538, σᵦ: 0.29531, ℍᶩᐨᑊ: 0.100, ℍᶩ: 0.804
layer: 2 ,  σₐ: 0.26896, σᵦ: 0.48871, ℍᶩᐨᑊ: 0.804, ℍᶩ: 0.810
run:3, σ: 0.27, L: 2, TrainAcc: 0.97, TestAcc: 0.94, Time: 1.64, Ҥ1: 0.81, Ҥ2:0.78, mse : 0.16, ce : 0.13, csr : 0.11, T : 0.20
