layer: 1 ,  σₐ: 2.98982, σᵦ: 0.29570, ℍᶩᐨᑊ: 0.100, ℍᶩ: 0.799
layer: 2 ,  σₐ: 0.26929, σᵦ: 0.48558, ℍᶩᐨᑊ: 0.799, ℍᶩ: 0.801
run:3, σ: 0.27, L: 2, TrainAcc: 0.97, TestAcc: 0.94, Time: 1.41, Ҥ1: 0.80, Ҥ2:0.78, mse : 0.16, ce : 0.14, csr : 0.11, T : 0.21
