layer: 1 ,  σₐ: 2.20902, σᵦ: 0.46551, ℍᶩᐨᑊ: 0.100, ℍᶩ: 0.456
layer: 2 ,  σₐ: 0.46551, σᵦ: 0.45067, ℍᶩᐨᑊ: 0.456, ℍᶩ: 0.486
layer: 3 ,  σₐ: 0.45067, σᵦ: 0.50942, ℍᶩᐨᑊ: 0.486, ℍᶩ: 0.492
layer: 4 ,  σₐ: 0.45084, σᵦ: 0.49401, ℍᶩᐨᑊ: 0.492, ℍᶩ: 0.521
layer: 5 ,  σₐ: 0.49401, σᵦ: 0.52085, ℍᶩᐨᑊ: 0.521, ℍᶩ: 0.521
layer: 6 ,  σₐ: 0.46041, σᵦ: 0.50363, ℍᶩᐨᑊ: 0.521, ℍᶩ: 0.528
layer: 7 ,  σₐ: 0.50363, σᵦ: 0.46521, ℍᶩᐨᑊ: 0.528, ℍᶩ: 0.529
run:9, σ: 0.45, L: 7, TrainAcc: 0.81, TestAcc: 0.72, Time: 143.87, Ҥ1: 0.53, Ҥ2:0.53, mse : 0.15, ce : 0.86, csr : 0.17, T : 0.05
