layer: 1 ,  σₐ: 0.22041, σᵦ: 0.10229, ℍᶩᐨᑊ: 0.100, ℍᶩ: 0.940
layer: 2 ,  σₐ: 0.10229, σᵦ: 0.40519, ℍᶩᐨᑊ: 0.940, ℍᶩ: 0.970
run:3, σ: 0.10, L: 2, TrainAcc: 1.00, TestAcc: 0.17, Time: 0.04, Ҥ1: 0.97, Ҥ2:0.18, mse : 0.02, ce : 0.08, csr : 0.03, T : 0.10
