layer: 1 ,  σₐ: 0.23928, σᵦ: 0.10666, ℍᶩᐨᑊ: 0.100, ℍᶩ: 0.910
layer: 2 ,  σₐ: 0.10666, σᵦ: 0.40084, ℍᶩᐨᑊ: 0.910, ℍᶩ: 0.950
run:3, σ: 0.11, L: 2, TrainAcc: 1.00, TestAcc: 0.17, Time: 0.04, Ҥ1: 0.95, Ҥ2:0.24, mse : 0.02, ce : 0.09, csr : 0.05, T : 0.12
