layer: 1 ,  σₐ: 2.37526, σᵦ: 0.32480, ℍᶩᐨᑊ: 0.100, ℍᶩ: 0.757
run:1, σ: 2.38, L: 1, TrainAcc: 0.98, TestAcc: 0.98, Time: 2.23, Ҥ1: 0.76, Ҥ2:0.86, mse : 0.03, ce : 0.09, csr : 0.10, T : 0.23
