layer: 1 ,  σₐ: 2.42667, σᵦ: 0.33231, ℍᶩᐨᑊ: 0.100, ℍᶩ: 0.758
run:1, σ: 2.43, L: 1, TrainAcc: 0.98, TestAcc: 0.98, Time: 2.12, Ҥ1: 0.76, Ҥ2:0.86, mse : 0.03, ce : 0.09, csr : 0.10, T : 0.23
