layer: 1 ,  σₐ: 1.07518, σᵦ: 0.36175, ℍᶩᐨᑊ: 0.100, ℍᶩ: 0.726
run:5, σ: 1.08, L: 1, TrainAcc: 1.00, TestAcc: 1.00, Time: 4.08, Ҥ1: 0.73, Ҥ2:0.70, mse : 0.08, ce : 0.15, csr : 0.23, T : 0.23
