layer: 1 ,  σₐ: 0.92974, σᵦ: 0.36188, ℍᶩᐨᑊ: 0.100, ℍᶩ: 0.774
run:5, σ: 0.93, L: 1, TrainAcc: 1.00, TestAcc: 1.00, Time: 3.71, Ҥ1: 0.77, Ҥ2:0.76, mse : 0.07, ce : 0.12, csr : 0.20, T : 0.22
