layer: 1 ,  σₐ: 21.85296, σᵦ: 0.38154, ℍᶩᐨᑊ: 0.100, ℍᶩ: 0.806
layer: 2 ,  σₐ: 0.38154, σᵦ: 0.51778, ℍᶩᐨᑊ: 0.806, ℍᶩ: 0.857
run:8, σ: 0.38, L: 2, TrainAcc: 0.98, TestAcc: 1.00, Time: 3.17, Ҥ1: 0.86, Ҥ2:0.87, mse : 0.10, ce : 0.36, csr : 0.06, T : 0.01
