layer: 1 ,  σₐ: 21.43778, σᵦ: 0.38509, ℍᶩᐨᑊ: 0.100, ℍᶩ: 0.808
layer: 2 ,  σₐ: 0.38509, σᵦ: 0.53211, ℍᶩᐨᑊ: 0.808, ℍᶩ: 0.854
run:8, σ: 0.39, L: 2, TrainAcc: 0.98, TestAcc: 1.00, Time: 2.88, Ҥ1: 0.85, Ҥ2:0.86, mse : 0.10, ce : 0.36, csr : 0.06, T : 0.01
