layer: 1 ,  σₐ: 1.99084, σᵦ: 0.47677, ℍᶩᐨᑊ: 0.100, ℍᶩ: 0.482
layer: 2 ,  σₐ: 0.47677, σᵦ: 0.44243, ℍᶩᐨᑊ: 0.482, ℍᶩ: 0.521
layer: 3 ,  σₐ: 0.44243, σᵦ: 0.50413, ℍᶩᐨᑊ: 0.521, ℍᶩ: 0.529
layer: 4 ,  σₐ: 0.50413, σᵦ: 0.51564, ℍᶩᐨᑊ: 0.529, ℍᶩ: 0.530
layer: 5 ,  σₐ: 0.51564, σᵦ: 0.49952, ℍᶩᐨᑊ: 0.530, ℍᶩ: 0.534
layer: 6 ,  σₐ: 0.44253, σᵦ: 0.50042, ℍᶩᐨᑊ: 0.534, ℍᶩ: 0.543
layer: 7 ,  σₐ: 0.44328, σᵦ: 0.46819, ℍᶩᐨᑊ: 0.543, ℍᶩ: 0.548
run:4, σ: 0.44, L: 7, TrainAcc: 0.81, TestAcc: 0.76, Time: 144.89, Ҥ1: 0.55, Ҥ2:0.57, mse : 0.15, ce : 0.83, csr : 0.15, T : 0.04
