layer: 1 ,  σₐ: 2.06749, σᵦ: 0.45580, ℍᶩᐨᑊ: 0.100, ℍᶩ: 0.482
layer: 2 ,  σₐ: 0.45580, σᵦ: 0.44317, ℍᶩᐨᑊ: 0.482, ℍᶩ: 0.523
layer: 3 ,  σₐ: 0.44317, σᵦ: 0.47659, ℍᶩᐨᑊ: 0.523, ℍᶩ: 0.543
layer: 4 ,  σₐ: 0.47659, σᵦ: 0.49756, ℍᶩᐨᑊ: 0.543, ℍᶩ: 0.550
layer: 5 ,  σₐ: 0.49756, σᵦ: 0.51714, ℍᶩᐨᑊ: 0.550, ℍᶩ: 0.550
layer: 6 ,  σₐ: 0.45731, σᵦ: 0.48577, ℍᶩᐨᑊ: 0.550, ℍᶩ: 0.558
layer: 7 ,  σₐ: 0.43098, σᵦ: 0.46172, ℍᶩᐨᑊ: 0.558, ℍᶩ: 0.560
run:8, σ: 0.43, L: 7, TrainAcc: 0.82, TestAcc: 0.74, Time: 143.69, Ҥ1: 0.56, Ҥ2:0.54, mse : 0.15, ce : 0.81, csr : 0.15, T : 0.04
