layer: 1 ,  σₐ: 0.10000, σᵦ: 0.08604, ℍᶩᐨᑊ: 0.100, ℍᶩ: 0.511
layer: 2 ,  σₐ: 0.08604, σᵦ: 0.35057, ℍᶩᐨᑊ: 0.511, ℍᶩ: 0.584
layer: 3 ,  σₐ: 0.35057, σᵦ: 0.32039, ℍᶩᐨᑊ: 0.584, ℍᶩ: 0.686
layer: 4 ,  σₐ: 0.32039, σᵦ: 0.35872, ℍᶩᐨᑊ: 0.686, ℍᶩ: 0.686
layer: 5 ,  σₐ: 0.00253, σᵦ: 0.12409, ℍᶩᐨᑊ: 0.686, ℍᶩ: 0.704
layer: 6 ,  σₐ: 0.12409, σᵦ: 0.38910, ℍᶩᐨᑊ: 0.704, ℍᶩ: 0.893
layer: 7 ,  σₐ: 0.38910, σᵦ: 0.39118, ℍᶩᐨᑊ: 0.893, ℍᶩ: 0.953
run:7, σ: 0.00, L: 7, TrainAcc: 1.00, TestAcc: 0.38, Time: 0.28, Ҥ1: 0.95, Ҥ2:nan, mse : 0.02, ce : 0.08, csr : 0.04, T : 0.11
