layer: 1 ,  σₐ: 21.24418, σᵦ: 0.38458, ℍᶩᐨᑊ: 0.100, ℍᶩ: 0.816
layer: 2 ,  σₐ: 0.38458, σᵦ: 0.51260, ℍᶩᐨᑊ: 0.816, ℍᶩ: 0.867
run:9, σ: 0.38, L: 2, TrainAcc: 0.98, TestAcc: 0.98, Time: 3.08, Ҥ1: 0.87, Ҥ2:0.88, mse : 0.10, ce : 0.35, csr : 0.05, T : 0.01
