layer: 1 ,  σₐ: 21.73473, σᵦ: 0.38746, ℍᶩᐨᑊ: 0.100, ℍᶩ: 0.807
layer: 2 ,  σₐ: 0.38746, σᵦ: 0.53303, ℍᶩᐨᑊ: 0.807, ℍᶩ: 0.854
run:9, σ: 0.39, L: 2, TrainAcc: 0.98, TestAcc: 0.98, Time: 2.91, Ҥ1: 0.85, Ҥ2:0.87, mse : 0.10, ce : 0.36, csr : 0.06, T : 0.01
