layer: 1 ,  σₐ: 2.12547, σᵦ: 0.13167, ℍᶩᐨᑊ: 0.100, ℍᶩ: 0.739
layer: 2 ,  σₐ: 0.13167, σᵦ: 0.36810, ℍᶩᐨᑊ: 0.739, ℍᶩ: 0.919
layer: 3 ,  σₐ: 0.36810, σᵦ: 0.40492, ℍᶩᐨᑊ: 0.919, ℍᶩ: 0.962
run:5, σ: 0.13, L: 3, TrainAcc: 1.00, TestAcc: 1.00, Time: 1.15, Ҥ1: 0.96, Ҥ2:0.95, mse : 0.02, ce : 0.03, csr : 0.04, T : 0.06
