layer: 1 ,  σₐ: 2.10448, σᵦ: 0.14808, ℍᶩᐨᑊ: 0.100, ℍᶩ: 0.742
layer: 2 ,  σₐ: 0.14808, σᵦ: 0.36651, ℍᶩᐨᑊ: 0.742, ℍᶩ: 0.919
layer: 3 ,  σₐ: 0.36651, σᵦ: 0.40025, ℍᶩᐨᑊ: 0.919, ℍᶩ: 0.963
run:5, σ: 0.15, L: 3, TrainAcc: 1.00, TestAcc: 1.00, Time: 1.16, Ҥ1: 0.96, Ҥ2:0.95, mse : 0.02, ce : 0.03, csr : 0.03, T : 0.06
