layer: 1 ,  σₐ: 3.00740, σᵦ: 0.29622, ℍᶩᐨᑊ: 0.100, ℍᶩ: 0.782
layer: 2 ,  σₐ: 0.26974, σᵦ: 0.48715, ℍᶩᐨᑊ: 0.782, ℍᶩ: 0.786
run:5, σ: 0.27, L: 2, TrainAcc: 0.98, TestAcc: 0.83, Time: 1.46, Ҥ1: 0.79, Ҥ2:0.85, mse : 0.16, ce : 0.14, csr : 0.12, T : 0.22
