layer: 1 ,  σₐ: 3.00594, σᵦ: 0.29634, ℍᶩᐨᑊ: 0.100, ℍᶩ: 0.783
layer: 2 ,  σₐ: 0.26985, σᵦ: 0.48956, ℍᶩᐨᑊ: 0.783, ℍᶩ: 0.786
run:5, σ: 0.27, L: 2, TrainAcc: 0.98, TestAcc: 0.83, Time: 1.41, Ҥ1: 0.79, Ҥ2:0.84, mse : 0.16, ce : 0.14, csr : 0.12, T : 0.22
