layer: 1 ,  σₐ: 3.01837, σᵦ: 0.29901, ℍᶩᐨᑊ: 0.100, ℍᶩ: 0.804
layer: 2 ,  σₐ: 0.24770, σᵦ: 0.48255, ℍᶩᐨᑊ: 0.804, ℍᶩ: 0.810
run:4, σ: 0.25, L: 2, TrainAcc: 0.97, TestAcc: 1.00, Time: 1.53, Ҥ1: 0.81, Ҥ2:0.83, mse : 0.15, ce : 0.14, csr : 0.11, T : 0.20
