layer: 1 ,  σₐ: 21.88035, σᵦ: 0.38792, ℍᶩᐨᑊ: 0.100, ℍᶩ: 0.808
layer: 2 ,  σₐ: 0.38792, σᵦ: 0.52292, ℍᶩᐨᑊ: 0.808, ℍᶩ: 0.856
run:2, σ: 0.39, L: 2, TrainAcc: 0.98, TestAcc: 0.90, Time: 3.20, Ҥ1: 0.86, Ҥ2:0.83, mse : 0.14, ce : 0.36, csr : 0.06, T : 0.01
