layer: 1 ,  σₐ: 21.67798, σᵦ: 0.39492, ℍᶩᐨᑊ: 0.100, ℍᶩ: 0.805
layer: 2 ,  σₐ: 0.39492, σᵦ: 0.53033, ℍᶩᐨᑊ: 0.805, ℍᶩ: 0.850
run:2, σ: 0.39, L: 2, TrainAcc: 0.98, TestAcc: 0.90, Time: 3.13, Ҥ1: 0.85, Ҥ2:0.83, mse : 0.14, ce : 0.36, csr : 0.06, T : 0.01
