layer: 1 ,  σₐ: 2.03095, σᵦ: 0.47204, ℍᶩᐨᑊ: 0.100, ℍᶩ: 0.482
layer: 2 ,  σₐ: 0.47204, σᵦ: 0.45863, ℍᶩᐨᑊ: 0.482, ℍᶩ: 0.515
layer: 3 ,  σₐ: 0.45863, σᵦ: 0.47916, ℍᶩᐨᑊ: 0.515, ℍᶩ: 0.529
layer: 4 ,  σₐ: 0.47916, σᵦ: 0.49148, ℍᶩᐨᑊ: 0.529, ℍᶩ: 0.537
layer: 5 ,  σₐ: 0.49148, σᵦ: 0.51291, ℍᶩᐨᑊ: 0.537, ℍᶩ: 0.540
layer: 6 ,  σₐ: 0.45376, σᵦ: 0.49467, ℍᶩᐨᑊ: 0.540, ℍᶩ: 0.547
layer: 7 ,  σₐ: 0.43846, σᵦ: 0.45998, ℍᶩᐨᑊ: 0.547, ℍᶩ: 0.553
run:2, σ: 0.44, L: 7, TrainAcc: 0.82, TestAcc: 0.73, Time: 145.04, Ҥ1: 0.55, Ҥ2:0.55, mse : 0.15, ce : 0.81, csr : 0.15, T : 0.04
