layer: 1 ,  σₐ: 2.35096, σᵦ: 0.32986, ℍᶩᐨᑊ: 0.100, ℍᶩ: 0.789
run:8, σ: 2.35, L: 1, TrainAcc: 0.98, TestAcc: 0.90, Time: 2.04, Ҥ1: 0.79, Ҥ2:0.54, mse : 0.03, ce : 0.10, csr : 0.10, T : 0.22
