layer: 1 ,  σₐ: 2.37881, σᵦ: 0.33064, ℍᶩᐨᑊ: 0.100, ℍᶩ: 0.788
run:8, σ: 2.38, L: 1, TrainAcc: 0.98, TestAcc: 0.90, Time: 1.95, Ҥ1: 0.79, Ҥ2:0.54, mse : 0.03, ce : 0.10, csr : 0.11, T : 0.22
