layer: 1 ,  σₐ: 0.10000, σᵦ: 0.08331, ℍᶩᐨᑊ: 0.100, ℍᶩ: 0.543
layer: 2 ,  σₐ: 0.08331, σᵦ: 0.34951, ℍᶩᐨᑊ: 0.543, ℍᶩ: 0.669
layer: 3 ,  σₐ: 0.34951, σᵦ: 0.33298, ℍᶩᐨᑊ: 0.669, ℍᶩ: 0.704
layer: 4 ,  σₐ: 0.33298, σᵦ: 0.36347, ℍᶩᐨᑊ: 0.704, ℍᶩ: 0.711
layer: 5 ,  σₐ: 0.36347, σᵦ: 0.37100, ℍᶩᐨᑊ: 0.711, ℍᶩ: 0.715
run:10, σ: 0.08, L: 5, TrainAcc: 0.92, TestAcc: 0.12, Time: 0.27, Ҥ1: 0.72, Ҥ2:0.41, mse : 0.06, ce : 0.24, csr : 0.19, T : 0.24
