layer: 1 ,  σₐ: 0.10000, σᵦ: 0.08476, ℍᶩᐨᑊ: 0.100, ℍᶩ: 0.759
layer: 2 ,  σₐ: 0.08476, σᵦ: 0.37614, ℍᶩᐨᑊ: 0.759, ℍᶩ: 0.875
layer: 3 ,  σₐ: 0.37614, σᵦ: 0.38452, ℍᶩᐨᑊ: 0.875, ℍᶩ: 0.919
layer: 4 ,  σₐ: 0.38452, σᵦ: 0.39986, ℍᶩᐨᑊ: 0.919, ℍᶩ: 0.930
run:9, σ: 0.08, L: 4, TrainAcc: 0.99, TestAcc: 0.50, Time: 0.31, Ҥ1: 0.93, Ҥ2:0.09, mse : 0.02, ce : 0.09, csr : 0.04, T : 0.10
