layer: 1 ,  σₐ: 0.96692, σᵦ: 0.35419, ℍᶩᐨᑊ: 0.100, ℍᶩ: 0.750
run:10, σ: 0.97, L: 1, TrainAcc: 1.00, TestAcc: 1.00, Time: 3.91, Ҥ1: 0.75, Ҥ2:0.82, mse : 0.07, ce : 0.12, csr : 0.21, T : 0.22
