layer: 1 ,  σₐ: 0.87813, σᵦ: 0.36056, ℍᶩᐨᑊ: 0.100, ℍᶩ: 0.788
run:10, σ: 0.88, L: 1, TrainAcc: 1.00, TestAcc: 1.00, Time: 3.96, Ҥ1: 0.79, Ҥ2:0.84, mse : 0.06, ce : 0.10, csr : 0.20, T : 0.21
