layer: 1 ,  σₐ: 0.93729, σᵦ: 0.36327, ℍᶩᐨᑊ: 0.100, ℍᶩ: 0.766
run:9, σ: 0.94, L: 1, TrainAcc: 1.00, TestAcc: 1.00, Time: 3.92, Ҥ1: 0.77, Ҥ2:0.80, mse : 0.07, ce : 0.12, csr : 0.21, T : 0.22
