layer: 1 ,  σₐ: 1.01667, σᵦ: 0.35496, ℍᶩᐨᑊ: 0.100, ℍᶩ: 0.737
run:9, σ: 1.02, L: 1, TrainAcc: 1.00, TestAcc: 1.00, Time: 3.93, Ҥ1: 0.74, Ҥ2:0.78, mse : 0.07, ce : 0.13, csr : 0.21, T : 0.23
