layer: 1 ,  σₐ: 2.15623, σᵦ: 0.15370, ℍᶩᐨᑊ: 0.100, ℍᶩ: 0.737
layer: 2 ,  σₐ: 0.15370, σᵦ: 0.36451, ℍᶩᐨᑊ: 0.737, ℍᶩ: 0.916
layer: 3 ,  σₐ: 0.36451, σᵦ: 0.40106, ℍᶩᐨᑊ: 0.916, ℍᶩ: 0.962
run:9, σ: 0.15, L: 3, TrainAcc: 1.00, TestAcc: 1.00, Time: 1.13, Ҥ1: 0.96, Ҥ2:0.97, mse : 0.02, ce : 0.03, csr : 0.03, T : 0.06
