layer: 1 ,  σₐ: 2.08177, σᵦ: 0.15202, ℍᶩᐨᑊ: 0.100, ℍᶩ: 0.739
layer: 2 ,  σₐ: 0.15202, σᵦ: 0.36569, ℍᶩᐨᑊ: 0.739, ℍᶩ: 0.916
layer: 3 ,  σₐ: 0.36569, σᵦ: 0.39932, ℍᶩᐨᑊ: 0.916, ℍᶩ: 0.961
run:9, σ: 0.15, L: 3, TrainAcc: 1.00, TestAcc: 1.00, Time: 0.99, Ҥ1: 0.96, Ҥ2:0.97, mse : 0.02, ce : 0.03, csr : 0.03, T : 0.06
