layer: 1 ,  σₐ: 0.97561, σᵦ: 0.36321, ℍᶩᐨᑊ: 0.100, ℍᶩ: 0.756
run:4, σ: 0.98, L: 1, TrainAcc: 1.00, TestAcc: 1.00, Time: 4.03, Ҥ1: 0.76, Ҥ2:0.76, mse : 0.07, ce : 0.13, csr : 0.21, T : 0.22
