layer: 1 ,  σₐ: 0.88992, σᵦ: 0.35357, ℍᶩᐨᑊ: 0.100, ℍᶩ: 0.786
run:4, σ: 0.89, L: 1, TrainAcc: 1.00, TestAcc: 1.00, Time: 3.68, Ҥ1: 0.79, Ҥ2:0.79, mse : 0.06, ce : 0.11, csr : 0.19, T : 0.21
