layer: 1 ,  σₐ: 0.31486, σᵦ: 0.13020, ℍᶩᐨᑊ: 0.100, ℍᶩ: 0.839
layer: 2 ,  σₐ: 0.13020, σᵦ: 0.37184, ℍᶩᐨᑊ: 0.839, ℍᶩ: 0.937
layer: 3 ,  σₐ: 0.37184, σᵦ: 0.40196, ℍᶩᐨᑊ: 0.937, ℍᶩ: 0.961
run:2, σ: 0.13, L: 3, TrainAcc: 1.00, TestAcc: 0.33, Time: 0.06, Ҥ1: 0.96, Ҥ2:0.04, mse : 0.02, ce : 0.08, csr : 0.03, T : 0.09
