layer: 1 ,  σₐ: 0.31544, σᵦ: 0.12997, ℍᶩᐨᑊ: 0.100, ℍᶩ: 0.818
layer: 2 ,  σₐ: 0.12997, σᵦ: 0.37271, ℍᶩᐨᑊ: 0.818, ℍᶩ: 0.920
layer: 3 ,  σₐ: 0.37271, σᵦ: 0.39941, ℍᶩᐨᑊ: 0.920, ℍᶩ: 0.948
layer: 4 ,  σₐ: 0.39941, σᵦ: 0.41486, ℍᶩᐨᑊ: 0.948, ℍᶩ: 0.965
run:2, σ: 0.13, L: 4, TrainAcc: 1.00, TestAcc: 0.17, Time: 0.06, Ҥ1: 0.96, Ҥ2:0.04, mse : 0.01, ce : 0.08, csr : 0.03, T : 0.07
