layer: 1 ,  σₐ: 2.40122, σᵦ: 0.33588, ℍᶩᐨᑊ: 0.100, ℍᶩ: 0.768
run:5, σ: 2.40, L: 1, TrainAcc: 0.98, TestAcc: 0.97, Time: 2.28, Ҥ1: 0.77, Ҥ2:0.79, mse : 0.03, ce : 0.09, csr : 0.10, T : 0.22
