layer: 1 ,  σₐ: 2.41400, σᵦ: 0.33608, ℍᶩᐨᑊ: 0.100, ℍᶩ: 0.768
run:5, σ: 2.41, L: 1, TrainAcc: 0.98, TestAcc: 0.97, Time: 1.94, Ҥ1: 0.77, Ҥ2:0.79, mse : 0.03, ce : 0.09, csr : 0.11, T : 0.22
