layer: 1 ,  σₐ: 0.24095, σᵦ: 0.10705, ℍᶩᐨᑊ: 0.100, ℍᶩ: 0.955
run:1, σ: 0.24, L: 1, TrainAcc: 1.00, TestAcc: 0.50, Time: 0.02, Ҥ1: 0.96, Ҥ2:0.02, mse : 0.00, ce : 0.42, csr : 0.07, T : 0.20
