layer: 1 ,  σₐ: 0.24093, σᵦ: 0.10787, ℍᶩᐨᑊ: 0.100, ℍᶩ: 0.954
run:1, σ: 0.24, L: 1, TrainAcc: 1.00, TestAcc: 0.50, Time: 0.02, Ҥ1: 0.95, Ҥ2:0.03, mse : 0.00, ce : 0.41, csr : 0.07, T : 0.20
