layer: 1 ,  σₐ: 0.87154, σᵦ: 0.36033, ℍᶩᐨᑊ: 0.100, ℍᶩ: 0.798
run:3, σ: 0.87, L: 1, TrainAcc: 1.00, TestAcc: 1.00, Time: 4.04, Ҥ1: 0.80, Ҥ2:0.80, mse : 0.06, ce : 0.10, csr : 0.19, T : 0.21
