layer: 1 ,  σₐ: 1.04484, σᵦ: 0.35334, ℍᶩᐨᑊ: 0.100, ℍᶩ: 0.731
run:3, σ: 1.04, L: 1, TrainAcc: 1.00, TestAcc: 1.00, Time: 3.93, Ҥ1: 0.73, Ҥ2:0.74, mse : 0.07, ce : 0.14, csr : 0.22, T : 0.23
