layer: 1 ,  σₐ: 0.10000, σᵦ: 0.08713, ℍᶩᐨᑊ: 0.100, ℍᶩ: 0.469
layer: 2 ,  σₐ: 0.08713, σᵦ: 0.34235, ℍᶩᐨᑊ: 0.469, ℍᶩ: 0.582
layer: 3 ,  σₐ: 0.34235, σᵦ: 0.32605, ℍᶩᐨᑊ: 0.582, ℍᶩ: 0.670
layer: 4 ,  σₐ: 0.32605, σᵦ: 0.36075, ℍᶩᐨᑊ: 0.670, ℍᶩ: 0.704
layer: 5 ,  σₐ: 0.36075, σᵦ: 0.37020, ℍᶩᐨᑊ: 0.704, ℍᶩ: 0.728
layer: 6 ,  σₐ: 0.37020, σᵦ: 0.37027, ℍᶩᐨᑊ: 0.728, ℍᶩ: 0.742
layer: 7 ,  σₐ: 0.37027, σᵦ: 0.36833, ℍᶩᐨᑊ: 0.742, ℍᶩ: 0.746
run:1, σ: 0.09, L: 7, TrainAcc: 0.92, TestAcc: 0.50, Time: 0.28, Ҥ1: 0.75, Ҥ2:0.00, mse : 0.06, ce : 0.22, csr : 0.15, T : 0.21
