layer: 1 ,  σₐ: 0.10000, σᵦ: 0.07689, ℍᶩᐨᑊ: 0.100, ℍᶩ: 0.555
layer: 2 ,  σₐ: 0.07689, σᵦ: 0.34108, ℍᶩᐨᑊ: 0.555, ℍᶩ: 0.717
layer: 3 ,  σₐ: 0.34108, σᵦ: 0.34170, ℍᶩᐨᑊ: 0.717, ℍᶩ: 0.808
layer: 4 ,  σₐ: 0.34170, σᵦ: 0.37770, ℍᶩᐨᑊ: 0.808, ℍᶩ: 0.821
layer: 5 ,  σₐ: 0.37770, σᵦ: 0.38701, ℍᶩᐨᑊ: 0.821, ℍᶩ: 0.823
run:1, σ: 0.08, L: 5, TrainAcc: 0.96, TestAcc: 0.38, Time: 0.28, Ҥ1: 0.82, Ҥ2:0.05, mse : 0.05, ce : 0.18, csr : 0.11, T : 0.15
