layer: 1 ,  σₐ: 0.27872, σᵦ: 0.11218, ℍᶩᐨᑊ: 0.100, ℍᶩ: 0.896
layer: 2 ,  σₐ: 0.11218, σᵦ: 0.37825, ℍᶩᐨᑊ: 0.896, ℍᶩ: 0.962
run:10, σ: 0.11, L: 2, TrainAcc: 1.00, TestAcc: 0.33, Time: 0.04, Ҥ1: 0.96, Ҥ2:0.19, mse : 0.02, ce : 0.10, csr : 0.05, T : 0.13
