layer: 1 ,  σₐ: 0.10000, σᵦ: 0.06455, ℍᶩᐨᑊ: 0.100, ℍᶩ: 0.999
run:10, σ: 0.10, L: 1, TrainAcc: 1.00, TestAcc: 0.67, Time: 0.03, Ҥ1: 1.00, Ҥ2:0.28, mse : 0.00, ce : 0.43, csr : -0.00, T : 0.01
