layer: 1 ,  σₐ: 3.01085, σᵦ: 0.29711, ℍᶩᐨᑊ: 0.100, ℍᶩ: 0.794
layer: 2 ,  σₐ: 0.27051, σᵦ: 0.48843, ℍᶩᐨᑊ: 0.794, ℍᶩ: 0.803
run:2, σ: 0.27, L: 2, TrainAcc: 0.98, TestAcc: 1.00, Time: 1.27, Ҥ1: 0.80, Ҥ2:0.79, mse : 0.16, ce : 0.15, csr : 0.12, T : 0.20
