layer: 1 ,  σₐ: 21.90991, σᵦ: 0.38310, ℍᶩᐨᑊ: 0.100, ℍᶩ: 0.805
layer: 2 ,  σₐ: 0.38310, σᵦ: 0.55057, ℍᶩᐨᑊ: 0.805, ℍᶩ: 0.837
run:6, σ: 0.38, L: 2, TrainAcc: 0.98, TestAcc: 0.94, Time: 3.11, Ҥ1: 0.84, Ҥ2:0.86, mse : 0.15, ce : 0.36, csr : 0.07, T : 0.01
