layer: 1 ,  σₐ: 21.53342, σᵦ: 0.38600, ℍᶩᐨᑊ: 0.100, ℍᶩ: 0.807
layer: 2 ,  σₐ: 0.38600, σᵦ: 0.51119, ℍᶩᐨᑊ: 0.807, ℍᶩ: 0.852
run:6, σ: 0.39, L: 2, TrainAcc: 0.98, TestAcc: 0.95, Time: 3.08, Ҥ1: 0.85, Ҥ2:0.88, mse : 0.15, ce : 0.36, csr : 0.05, T : 0.01
