layer: 1 ,  σₐ: 21.01367, σᵦ: 0.37730, ℍᶩᐨᑊ: 0.100, ℍᶩ: 0.821
layer: 2 ,  σₐ: 0.37730, σᵦ: 0.52707, ℍᶩᐨᑊ: 0.821, ℍᶩ: 0.861
run:1, σ: 0.38, L: 2, TrainAcc: 0.98, TestAcc: 0.89, Time: 2.99, Ҥ1: 0.86, Ҥ2:0.88, mse : 0.15, ce : 0.34, csr : 0.06, T : 0.01
