layer: 1 ,  σₐ: 20.42060, σᵦ: 0.38220, ℍᶩᐨᑊ: 0.100, ℍᶩ: 0.823
layer: 2 ,  σₐ: 0.38220, σᵦ: 0.53768, ℍᶩᐨᑊ: 0.823, ℍᶩ: 0.858
run:1, σ: 0.38, L: 2, TrainAcc: 0.98, TestAcc: 0.89, Time: 3.00, Ҥ1: 0.86, Ҥ2:0.88, mse : 0.15, ce : 0.34, csr : 0.06, T : 0.01
