layer: 1 ,  σₐ: 2.14556, σᵦ: 0.15006, ℍᶩᐨᑊ: 0.100, ℍᶩ: 0.745
layer: 2 ,  σₐ: 0.15006, σᵦ: 0.36331, ℍᶩᐨᑊ: 0.745, ℍᶩ: 0.918
layer: 3 ,  σₐ: 0.36331, σᵦ: 0.39530, ℍᶩᐨᑊ: 0.918, ℍᶩ: 0.961
run:7, σ: 0.15, L: 3, TrainAcc: 1.00, TestAcc: 1.00, Time: 1.08, Ҥ1: 0.96, Ҥ2:0.95, mse : 0.02, ce : 0.03, csr : 0.03, T : 0.06
