layer: 1 ,  σₐ: 2.12026, σᵦ: 0.14156, ℍᶩᐨᑊ: 0.100, ℍᶩ: 0.745
layer: 2 ,  σₐ: 0.14156, σᵦ: 0.37578, ℍᶩᐨᑊ: 0.745, ℍᶩ: 0.919
layer: 3 ,  σₐ: 0.37578, σᵦ: 0.40106, ℍᶩᐨᑊ: 0.919, ℍᶩ: 0.962
run:7, σ: 0.14, L: 3, TrainAcc: 1.00, TestAcc: 1.00, Time: 1.08, Ҥ1: 0.96, Ҥ2:0.95, mse : 0.02, ce : 0.03, csr : 0.03, T : 0.06
