layer: 1 ,  σₐ: 3.01695, σᵦ: 0.29335, ℍᶩᐨᑊ: 0.100, ℍᶩ: 0.808
layer: 2 ,  σₐ: 0.29335, σᵦ: 0.48124, ℍᶩᐨᑊ: 0.808, ℍᶩ: 0.819
run:7, σ: 0.29, L: 2, TrainAcc: 0.99, TestAcc: 0.89, Time: 1.40, Ҥ1: 0.82, Ҥ2:0.72, mse : 0.13, ce : 0.13, csr : 0.12, T : 0.19
