layer: 1 ,  σₐ: 2.11953, σᵦ: 0.15597, ℍᶩᐨᑊ: 0.100, ℍᶩ: 0.740
layer: 2 ,  σₐ: 0.15597, σᵦ: 0.36223, ℍᶩᐨᑊ: 0.740, ℍᶩ: 0.918
layer: 3 ,  σₐ: 0.36223, σᵦ: 0.40110, ℍᶩᐨᑊ: 0.918, ℍᶩ: 0.963
run:6, σ: 0.16, L: 3, TrainAcc: 1.00, TestAcc: 1.00, Time: 1.02, Ҥ1: 0.96, Ҥ2:0.96, mse : 0.02, ce : 0.03, csr : 0.03, T : 0.06
