layer: 1 ,  σₐ: 2.16246, σᵦ: 0.13967, ℍᶩᐨᑊ: 0.100, ℍᶩ: 0.739
layer: 2 ,  σₐ: 0.13967, σᵦ: 0.35782, ℍᶩᐨᑊ: 0.739, ℍᶩ: 0.917
layer: 3 ,  σₐ: 0.35782, σᵦ: 0.40058, ℍᶩᐨᑊ: 0.917, ℍᶩ: 0.962
run:6, σ: 0.14, L: 3, TrainAcc: 1.00, TestAcc: 1.00, Time: 1.10, Ҥ1: 0.96, Ҥ2:0.95, mse : 0.02, ce : 0.03, csr : 0.03, T : 0.06
