layer: 1 ,  σₐ: 21.54996, σᵦ: 0.37763, ℍᶩᐨᑊ: 0.100, ℍᶩ: 0.819
layer: 2 ,  σₐ: 0.37763, σᵦ: 0.52604, ℍᶩᐨᑊ: 0.819, ℍᶩ: 0.859
run:4, σ: 0.38, L: 2, TrainAcc: 0.98, TestAcc: 0.97, Time: 3.08, Ҥ1: 0.86, Ҥ2:0.84, mse : 0.13, ce : 0.35, csr : 0.06, T : 0.01
