layer: 1 ,  σₐ: 21.95024, σᵦ: 0.37296, ℍᶩᐨᑊ: 0.100, ℍᶩ: 0.818
layer: 2 ,  σₐ: 0.37296, σᵦ: 0.52712, ℍᶩᐨᑊ: 0.818, ℍᶩ: 0.858
run:4, σ: 0.37, L: 2, TrainAcc: 0.98, TestAcc: 0.95, Time: 3.51, Ҥ1: 0.86, Ҥ2:0.84, mse : 0.14, ce : 0.35, csr : 0.06, T : 0.01
