layer: 1 ,  σₐ: 3.01538, σᵦ: 0.29695, ℍᶩᐨᑊ: 0.100, ℍᶩ: 0.809
layer: 2 ,  σₐ: 0.29695, σᵦ: 0.49147, ℍᶩᐨᑊ: 0.809, ℍᶩ: 0.811
run:10, σ: 0.30, L: 2, TrainAcc: 0.98, TestAcc: 0.88, Time: 1.49, Ҥ1: 0.81, Ҥ2:0.49, mse : 0.14, ce : 0.14, csr : 0.13, T : 0.20
