layer: 1 ,  σₐ: 3.01642, σᵦ: 0.29676, ℍᶩᐨᑊ: 0.100, ℍᶩ: 0.810
layer: 2 ,  σₐ: 0.29676, σᵦ: 0.49190, ℍᶩᐨᑊ: 0.810, ℍᶩ: 0.811
run:10, σ: 0.30, L: 2, TrainAcc: 0.98, TestAcc: 0.88, Time: 1.26, Ҥ1: 0.81, Ҥ2:0.48, mse : 0.14, ce : 0.14, csr : 0.13, T : 0.19
