layer: 1 ,  σₐ: 0.27771, σᵦ: 0.11538, ℍᶩᐨᑊ: 0.100, ℍᶩ: 0.901
layer: 2 ,  σₐ: 0.11538, σᵦ: 0.43565, ℍᶩᐨᑊ: 0.901, ℍᶩ: 0.910
layer: 3 ,  σₐ: 0.43565, σᵦ: 0.40964, ℍᶩᐨᑊ: 0.910, ℍᶩ: 0.937
run:9, σ: 0.12, L: 3, TrainAcc: 0.98, TestAcc: 0.33, Time: 0.21, Ҥ1: 0.94, Ҥ2:0.11, mse : 0.03, ce : 0.09, csr : 0.04, T : 0.11
