layer: 1 ,  σₐ: 0.26468, σᵦ: 0.11262, ℍᶩᐨᑊ: 0.100, ℍᶩ: 0.922
layer: 2 ,  σₐ: 0.11262, σᵦ: 0.38968, ℍᶩᐨᑊ: 0.922, ℍᶩ: 0.973
run:9, σ: 0.11, L: 2, TrainAcc: 1.00, TestAcc: 0.33, Time: 0.04, Ҥ1: 0.97, Ҥ2:0.07, mse : 0.01, ce : 0.09, csr : 0.04, T : 0.11
