layer: 1 ,  σₐ: 2.39004, σᵦ: 0.33531, ℍᶩᐨᑊ: 0.100, ℍᶩ: 0.759
run:7, σ: 2.39, L: 1, TrainAcc: 0.98, TestAcc: 0.97, Time: 2.05, Ҥ1: 0.76, Ҥ2:0.87, mse : 0.03, ce : 0.10, csr : 0.11, T : 0.23
