layer: 1 ,  σₐ: 2.40044, σᵦ: 0.33012, ℍᶩᐨᑊ: 0.100, ℍᶩ: 0.757
run:7, σ: 2.40, L: 1, TrainAcc: 0.98, TestAcc: 0.97, Time: 2.00, Ҥ1: 0.76, Ҥ2:0.86, mse : 0.03, ce : 0.10, csr : 0.10, T : 0.23
