layer: 1 ,  σₐ: 0.10000, σᵦ: 0.08052, ℍᶩᐨᑊ: 0.100, ℍᶩ: 0.995
run:4, σ: 0.10, L: 1, TrainAcc: 1.00, TestAcc: 0.67, Time: 0.08, Ҥ1: 0.99, Ҥ2:0.27, mse : 0.00, ce : 0.41, csr : 0.01, T : 0.02
